Entailment,Neutral,Contradiction
0.9967141,0.00037593662,0.0029099875
0.8757202,0.00072395825,0.123555854
0.9994842,0.00032968936,0.00018615603
0.00068618194,0.998181,0.0011328214
0.0003781344,0.00019715031,0.9994247
0.00031410268,0.9991321,0.00055377715
0.001476074,0.939394,0.059129972
0.014728375,0.00093848986,0.98433316
0.0036677883,0.06318136,0.9331508
0.48789138,0.48651338,0.025595276
0.9997619,4.7912217e-05,0.00019018265
0.9980354,0.0017934139,0.00017117355
0.0026549636,0.0071876748,0.99015737
9.0254354e-05,0.00041237564,0.9994974
0.00018682322,0.00019036757,0.9996227
0.9991854,0.00036645497,0.00044808083
0.9996631,9.022559e-05,0.00024670694
0.0029808446,0.9959791,0.0010400658
0.06992054,0.9286272,0.0014522646
0.099802405,0.89926565,0.00093195494
0.00020915986,0.9991824,0.0006083698
0.035734653,0.00052697764,0.9637384
9.0414615e-05,0.00019445387,0.99971503
0.0003033205,0.00026019855,0.99943644
0.0010331824,0.0003716095,0.9985952
0.99738234,0.0024143052,0.00020328132
0.9995128,0.00021320718,0.0002740989
0.0067737047,0.0027073016,0.990519
0.003602384,0.99622935,0.0001682583
0.9997141,0.00011577668,0.00017017486
0.00033318868,0.9994832,0.00018358605
0.14956225,0.3335856,0.51685214
0.000277248,0.9996171,0.0001056372
0.00027619864,0.00015082669,0.99957293
0.020478873,0.9787144,0.00080675975
0.00037497244,0.9984586,0.0011663927
0.00012334973,0.9992387,0.00063792436
0.006436777,0.022883661,0.97067946
0.00016253073,0.99968374,0.00015376233
0.33053857,0.05429509,0.61516637
0.999292,0.00054229517,0.00016566731
0.00019291778,0.9996082,0.00019893121
0.00027417688,0.00031671533,0.9994092
0.99966383,0.00019375715,0.00014235727
0.0005539077,0.9993311,0.00011502218
0.00023647485,0.99962604,0.00013746864
0.0051091644,0.99439925,0.00049158116
0.0003040331,0.9973966,0.0022994187
0.017821983,0.9817037,0.0004742873
0.98579746,0.012295006,0.0019075321
0.004128697,0.99551153,0.00035984596
7.160889e-05,0.00040769821,0.99952066
0.004594666,0.9951357,0.00026966003
0.00039785157,0.99946517,0.0001370307
0.99916327,0.0006680739,0.00016863507
0.00013386324,0.00024780244,0.9996183
0.000250721,0.99956745,0.00018187414
0.9998254,7.001059e-05,0.000104614744
0.59578156,0.402121,0.00209744
0.9996025,0.00016768886,0.00022992268
0.0019010887,0.99448,0.0036189333
0.99804026,0.0015690344,0.00039070565
0.999529,0.00025389125,0.00021712908
0.00048225746,0.00034614667,0.9991716
0.00063925766,0.0004595535,0.99890125
0.8354338,0.011122445,0.15344371
0.0026758916,0.99659616,0.00072800036
0.0003102249,0.9991265,0.0005633098
0.0019445679,0.054710686,0.9433447
0.00016555158,0.00016004423,0.99967444
0.9983423,0.0011087623,0.0005490584
0.9997495,0.000105915096,0.0001445952
0.18556932,0.8134807,0.000949947
0.0003999049,0.99940014,0.00019991785
0.99798477,0.0009980833,0.0010172436
0.85642844,0.1298642,0.013707409
0.99952924,0.00031821575,0.00015250158
0.0013307628,0.99847966,0.00018952638
0.0037736483,0.99605656,0.0001698034
0.0010122241,0.99803954,0.00094825175
8.095778e-05,0.00059535995,0.9993236
0.00041281796,0.9992587,0.00032847273
0.00036221324,0.99949026,0.00014748337
0.72250086,0.0015377115,0.2759614
0.0005817258,0.99924845,0.00016985972
0.99906594,0.00074195955,0.00019213874
0.99681807,0.000750565,0.0024313878
0.00079329044,0.9990121,0.00019451739
0.03214284,0.96540326,0.002453948
0.0037257944,0.99591017,0.00036401337
0.9974153,0.0006626089,0.001922076
0.999236,5.233612e-05,0.0007116955
0.00013382795,0.00063045503,0.99923575
0.00018331657,0.0005128868,0.9993038
0.27757868,0.7207623,0.001659035
0.9994203,0.00022381754,0.0003558579
0.0007261632,0.9454273,0.05384661
0.00048221048,0.0033960035,0.9961217
0.5766631,0.088825725,0.33451116
0.031780865,0.0004963279,0.9677229
0.9345282,0.00077010243,0.064701736
0.0004649766,0.99494016,0.0045948476
0.9977871,0.0009924123,0.0012205165
0.00043206962,0.0020538168,0.9975141
0.9954282,0.0009818879,0.0035897973
0.07672109,0.9189871,0.004291856
0.00013702427,0.99963665,0.0002263155
0.001033654,0.99795985,0.0010065368
0.98096,0.018279782,0.00076018984
0.0007498221,0.0002308402,0.9990194
0.93817925,0.0019194669,0.059901215
0.00022789062,0.99963343,0.00013868981
0.99668056,0.00016125734,0.0031582038
0.92191625,0.003656014,0.074427776
0.8598901,0.12989637,0.010213595
0.00022410993,0.999607,0.00016883745
0.9997739,0.00010523364,0.000120873454
0.001554751,0.997343,0.001102289
0.002049748,0.7057756,0.29217467
0.99932754,0.0004415063,0.00023095457
0.001795363,0.978585,0.019619588
0.002601553,0.0002481089,0.99715036
0.002231949,0.9700861,0.027681947
0.029804211,0.9690092,0.0011866384
0.16162871,0.83685505,0.0015162304
0.001319477,0.99540967,0.00327088
0.99953616,7.0001006e-05,0.00039387532
0.0009894868,0.23685102,0.7621595
0.00017194604,0.99931586,0.0005121786
0.36755517,0.0584839,0.57396096
0.000739414,0.9988275,0.00043305647
0.15247917,0.0008483992,0.84667236
0.0056755124,0.9941438,0.0001807228
0.0022191354,0.99739707,0.00038376567
0.00022410243,0.9996099,0.0001660923
0.00012581005,0.9997067,0.00016750909
0.00068178645,0.00039786196,0.99892044
7.029596e-05,0.00050522806,0.99942446
0.99944896,0.0003883449,0.00016270144
0.9882471,0.0001008371,0.011652101
0.00018879517,0.00084224326,0.99896896
0.00011771242,0.0017460686,0.9981363
0.0122151645,0.9874257,0.00035911417
0.99894863,0.0008941205,0.000157321
0.002730755,0.9971033,0.0001659179
0.0015930864,0.39847454,0.59993243
0.0003173048,0.00030988207,0.9993729
7.808632e-05,0.00038230125,0.99953973
0.00019900534,0.9994173,0.0003836492
9.445794e-05,0.00022303556,0.9996824
0.003066258,0.99670756,0.00022616448
0.00011988786,0.9997881,9.206491e-05
0.0001090716,0.00033469716,0.99955624
0.0009929031,0.000723833,0.9982834
0.0004082529,0.9994636,0.00012814715
0.99961555,0.00024573717,0.00013865084
0.00052693795,0.9992805,0.00019251037
0.0011283591,0.9976655,0.0012060913
0.00037458414,0.9990459,0.0005794418
0.00010668159,0.00018384539,0.9997094
0.0033033434,0.00020439262,0.9964922
0.9561852,0.04195525,0.001859581
0.000711373,0.0018209177,0.99746764
0.26055074,0.69419795,0.045251332
0.9982665,0.00047399363,0.0012594737
0.0004884655,0.06604024,0.93347126
0.00025586007,0.99666,0.0030841478
0.00025413773,0.99954,0.00020596801
0.00014270555,0.00024365325,0.9996136
0.0003975206,0.9991429,0.00045954168
0.9974516,0.00014888172,0.0023994881
0.00044826305,0.99934727,0.00020444838
0.00014126007,0.0004313601,0.9994273
0.0012644182,0.23562448,0.7631111
0.0015975276,0.0021856835,0.99621683
0.58426887,0.24061453,0.1751166
0.001382431,0.96848863,0.03012891
0.00018150645,0.0003331211,0.9994854
0.00050861435,0.0006210345,0.9988703
0.0001988034,0.99963784,0.00016340059
0.00093185157,0.99500316,0.0040649395
0.00045066606,0.99885094,0.00069844077
0.6850457,0.3142557,0.0006985446
0.00014027518,0.0010132102,0.99884653
0.99703336,0.002865842,0.00010078244
0.018176815,0.0007429941,0.9810801
0.0020242399,0.9308481,0.06712766
0.999734,5.7176956e-05,0.00020876183
0.00015222051,0.00022739095,0.99962044
0.00013957245,0.0024456442,0.9974147
0.00029161634,0.9994836,0.00022476929
0.009896051,0.86126345,0.12884049
0.0006752867,0.0012588628,0.99806577
0.00036614007,0.99635893,0.0032748692
0.00085023703,0.00019206021,0.99895763
0.0004190543,0.10621249,0.8933684
0.9996929,7.172356e-05,0.00023541933
0.99330926,0.0037009676,0.002989771
0.00025513876,0.9969478,0.0027971012
0.00025599185,0.06986312,0.9298809
0.99852437,0.0012718309,0.00020384177
0.0006882335,0.0005529856,0.9987588
0.00022630999,0.002202254,0.9975714
0.99626863,0.0033983062,0.00033301814
0.00042777887,0.999263,0.00030924106
0.00016855368,0.0003568805,0.9994746
0.2558282,0.003971031,0.74020076
0.3826605,0.13555934,0.4817801
0.9622996,0.037280563,0.00041986525
0.034755975,0.0050790417,0.96016496
0.99878985,0.00095792,0.00025234759
0.99957985,9.204504e-05,0.00032818684
0.0002603081,0.00023048189,0.9995092
0.9997588,0.00014947091,9.1827045e-05
0.00060325244,0.96793807,0.031458694
0.006796975,0.9924901,0.00071285915
0.90275925,0.0006255724,0.09661519
0.93925476,0.05809932,0.0026459552
0.5818497,0.0053206948,0.41282967
0.0005655069,0.9986467,0.00078780996
0.098795064,0.8994848,0.0017200825
0.99978894,0.00012693087,8.410142e-05
0.006985901,0.12663892,0.8663752
5.57516e-05,0.0007165498,0.99922764
0.00028543,0.00029555714,0.999419
0.9975714,0.00027683662,0.0021517815
0.00021453944,0.00045967882,0.99932575
0.8287067,0.0008643341,0.17042905
0.0045624715,0.3519851,0.64345247
0.99977213,7.882794e-05,0.00014913175
0.0036971036,0.99621046,9.248794e-05
0.0007890649,0.89191145,0.10729948
0.9998053,6.701245e-05,0.00012779557
8.772022e-05,0.00018416069,0.99972814
0.0002624144,0.9995468,0.00019078293
0.9592474,0.040495586,0.00025710528
0.0023076453,0.908751,0.0889413
0.0032652707,0.99653494,0.00019981158
0.9992937,0.00043517424,0.00027116406
0.011444835,0.98803675,0.0005184417
0.9994758,0.0004451376,7.909022e-05
0.0016856497,0.0018579982,0.9964563
0.0039069513,0.0008527175,0.99524033
0.17752804,0.82071865,0.0017533366
0.26397702,0.73186976,0.004153161
0.0001998333,0.9996847,0.00011545419
0.0007798018,0.9990582,0.00016199882
0.0329707,0.25772023,0.7093091
0.00067581504,0.99822634,0.001097906
0.9808661,0.00050703186,0.018626967
0.5924208,0.109448984,0.29813018
0.00036014174,0.99954647,9.3351e-05
0.009455218,0.006425217,0.9841196
0.5436613,0.45527855,0.0010601269
0.0002634562,0.0011751849,0.99856144
0.00016470415,0.00024019089,0.9995951
0.99912053,0.00052110926,0.00035840206
0.99634594,0.00016033585,0.0034937277
0.95154893,0.036242437,0.012208614
0.00037492724,0.9994962,0.0001288356
0.4757417,0.5166527,0.00760561
0.018460639,0.9797624,0.0017769642
0.0004743353,0.99937636,0.00014936914
0.29816458,0.6943083,0.007527134
0.0022972997,0.9975248,0.00017785514
0.0004394281,0.0030575357,0.9965031
0.00072388205,0.99845874,0.0008173501
0.9996321,0.00016120147,0.00020667848
0.0009345639,0.99898,8.546007e-05
0.00031488732,0.9928745,0.006810575
0.0018596471,0.6666484,0.33149198
0.9761723,0.0032948377,0.020532856
0.99969137,0.0002356265,7.301018e-05
0.0004055012,0.9993655,0.00022898619
0.013988576,0.9837632,0.0022482479
0.985149,0.001045531,0.013805387
0.9996424,0.00025284186,0.00010475881
0.0001564434,0.00013513649,0.99970835
0.98774815,0.011714233,0.00053762627
0.00027326425,0.9996464,8.030668e-05
0.00073505525,0.9992113,5.3660595e-05
0.008130693,0.9909411,0.00092823233
0.9843332,0.015292051,0.00037469814
0.00054571975,0.99936396,9.030962e-05
0.9983694,0.0011785062,0.00045214602
0.00017437244,0.00081050553,0.9990151
0.003567318,0.9962322,0.00020045142
6.876358e-05,0.00018520682,0.999746
0.00015186176,0.9996613,0.00018679265
0.99913543,0.0006953188,0.00016929749
0.00021241407,0.0003672469,0.9994204
0.09188277,0.3426873,0.5654299
0.16653283,0.014762648,0.81870455
0.99916744,0.00035241348,0.0004801069
0.00027386553,0.9988418,0.00088437134
0.00013898074,0.00065711746,0.99920386
0.9308061,0.06830298,0.0008909189
0.70639604,0.24802504,0.045578897
0.98741734,0.00096418185,0.011618464
0.0044667753,0.010017629,0.9855156
0.00035348107,0.99957794,6.862186e-05
0.000267409,0.00021972439,0.9995129
0.9991109,0.0005586108,0.0003305196
0.9991215,0.00019314022,0.00068527885
0.00021511423,0.9991014,0.0006834778
0.0005709015,0.99907,0.000359083
0.716833,0.0018213543,0.2813456
0.00033175552,0.99947375,0.00019446238
0.013891101,0.11391788,0.87219095
0.00022786659,0.99836105,0.0014111307
0.0008203491,0.9985201,0.00065955165
0.00016370558,0.99968016,0.00015609607
0.71297085,0.28520024,0.0018289791
0.010071358,0.98938596,0.00054264953
0.0002782195,0.00030230754,0.99941957
0.0064807925,0.16630468,0.82721454
0.00023423404,0.98103917,0.018726537
0.00826617,0.98884904,0.0028848506
0.00014365002,0.00023634853,0.9996201
0.04638117,0.008428464,0.94519037
0.99610436,0.0029930915,0.00090257864
0.00017837175,0.0013761887,0.99844545
0.997799,0.0009620217,0.0012389045
0.002497089,0.9971016,0.00040131947
0.000677257,0.9989548,0.00036800254
0.00042553234,0.2419838,0.75759065
0.9285126,0.0016477234,0.0698397
0.00013755841,0.0016999868,0.99816245
0.9989134,0.0005427929,0.0005438207
0.8652689,0.11926743,0.015463623
0.00021721903,0.99971896,6.384583e-05
0.2349251,0.415176,0.3498989
0.003965944,0.9957867,0.00024732272
0.0005689725,0.99908614,0.00034489462
0.94358844,0.0006666944,0.055744864
0.9996829,5.539976e-05,0.00026172624
0.00028734165,0.00035621304,0.99935645
0.00031400574,0.9995413,0.00014468534
0.5237801,0.44343406,0.032785833
0.012938976,0.05565506,0.93140596
0.00013176147,0.0003502019,0.99951804
0.012610965,0.9840716,0.0033174572
0.0038320664,0.9821914,0.013976492
0.9878227,0.011657336,0.0005200644
0.00019660004,0.9997147,8.874584e-05
0.95427847,0.0030060855,0.042715464
0.00045393308,0.9994523,9.375902e-05
0.0002051108,0.002215801,0.99757904
0.015373653,0.9839372,0.00068910245
0.5965565,0.0017881126,0.40165535
0.97004145,0.02878939,0.0011692571
0.0040091523,0.995891,9.9800534e-05
0.98469824,0.0028453826,0.012456356
0.20203193,0.011239824,0.78672826
0.00018322014,0.9995633,0.000253523
0.00863844,0.00066954637,0.9906921
0.00013739569,0.9914682,0.008394395
0.00016978207,0.99862015,0.0012100296
0.0031688905,0.6914105,0.3054206
0.95547813,0.017874353,0.026647404
0.00014680924,0.99897575,0.000877469
0.00018811483,0.00014087767,0.999671
5.245012e-05,0.00032025855,0.99962723
0.998522,0.0011463475,0.00033177072
0.0003156289,0.99961203,7.234962e-05
0.6496905,0.0061655524,0.34414396
0.0007588791,0.9386832,0.060557947
0.99905664,0.0007991976,0.00014420849
0.0032339424,0.9960855,0.00068055285
0.8448649,0.06456538,0.09056973
0.000310271,0.0015177146,0.9981719
0.8106586,0.004025226,0.18531616
0.99899656,0.00068231265,0.0003211949
0.3930493,0.5967533,0.010197369
0.0019342429,0.0002458773,0.9978199
0.00016899053,0.010916568,0.98891455
0.04532633,0.0016746824,0.952999
0.00020782443,0.00037739662,0.9994148
0.99972624,0.00017994779,9.3758965e-05
0.15255244,0.0023415165,0.84510607
0.001081921,0.0005208716,0.9983973
0.0011436031,0.9128083,0.0860481
0.017805647,0.9817634,0.00043089254
0.997459,0.0017897615,0.000751199
0.99777156,0.0016194218,0.0006090159
0.8762922,0.0011636213,0.12254416
0.00010678089,0.000271775,0.9996214
0.7878617,0.0025974207,0.20954086
0.11920096,0.88038516,0.00041387533
0.00082147744,0.0011780219,0.99800044
9.7891796e-05,0.99935895,0.0005431767
0.0010987199,0.00020067995,0.9987005
0.00056428835,0.9993155,0.00012021968
0.9978529,0.0008279045,0.0013192463
0.99976426,4.820442e-05,0.00018764286
0.0004980144,0.9905318,0.008970139
0.43726894,0.0071757105,0.55555534
0.36696696,0.0022170853,0.630816
0.00065161445,0.99925655,9.187006e-05
0.00061337696,0.99890316,0.0004834299
0.97898656,0.00048966083,0.020523755
0.0037604088,0.046877634,0.949362
0.0007687993,0.00021184483,0.9990194
0.00019004157,0.00019695588,0.999613
0.00027338386,0.0014455718,0.9982811
0.0018818298,0.00035925332,0.997759
0.99629396,0.0005305213,0.0031754505
0.00086381874,0.9987821,0.00035407362
0.00034526808,0.08872479,0.9109299
0.00034340392,0.023164552,0.9764921
0.022880293,0.9320215,0.04509818
0.9997806,0.0001199263,9.954013e-05
0.04833013,0.94820166,0.003468296
0.9995192,0.00033291357,0.00014791431
0.0005527708,0.9990852,0.0003620628
0.97070473,0.011984443,0.017310796
0.00012510458,0.0001877521,0.9996872
0.93780243,0.03845323,0.023744306
0.030840402,0.0061513954,0.96300817
0.99669635,0.003152849,0.0001507844
0.0011478387,0.0007194852,0.99813265
0.012634261,0.00054933736,0.98681635
0.9899358,0.000603784,0.009460466
0.00023420926,0.002544446,0.99722135
0.9997254,9.122642e-05,0.0001834149
0.20016342,0.0039580213,0.7958785
0.0009557862,0.10627629,0.8927679
0.010831565,0.9862488,0.0029196527
0.00012417958,0.0004276091,0.99944824
0.04101262,0.7576833,0.20130406
0.9992091,0.00054583553,0.00024515396
0.99946326,0.0003058109,0.00023085161
0.956516,0.04276811,0.0007158793
0.99769527,0.0017609881,0.0005437592
0.99775225,0.0020298576,0.00021795923
0.9994861,0.00036547804,0.00014847415
0.00070630497,0.99899834,0.00029532713
0.36650082,0.628435,0.005064114
0.0057494305,0.9937575,0.0004930321
0.9990439,0.00067941967,0.00027661378
0.0052314387,0.9944569,0.0003116904
0.00021928086,0.00061544543,0.9991653
0.00078041985,0.9990765,0.00014307082
0.00058794476,0.9991235,0.00028855779
0.006918872,0.992288,0.00079315336
0.002153102,0.9976412,0.00020576427
0.0041966424,0.0023292508,0.99347407
0.000254003,0.9993512,0.00039481965
0.019177342,0.0010619194,0.97976077
0.00075023156,0.00096944335,0.9982804
0.0024460235,0.99736434,0.00018962474
0.00021094292,0.00038733456,0.9994017
0.00024154238,0.99967754,8.097696e-05
0.9997788,0.00010651575,0.0001146675
0.36441383,0.004376062,0.6312101
0.006950657,0.00023109857,0.99281824
0.0046765422,0.9951703,0.00015316728
0.00016186638,0.0005898289,0.9992482
0.00020293446,0.00041966813,0.9993774
0.46372104,0.00084393506,0.535435
0.9792068,0.00085202476,0.019941226
0.0005308736,0.00016473433,0.9993044
0.002809128,0.99708086,0.00010998369
0.9796856,0.020077681,0.00023676768
0.216058,0.7825442,0.0013978204
0.00020509,0.99235415,0.007440708
0.9143038,0.0041745813,0.08152167
0.98040456,0.019367326,0.00022813528
0.0003934691,0.9993788,0.0002277496
0.99967813,0.000113344926,0.00020851179
0.0030346625,0.99664116,0.0003242154
0.004513158,0.012538578,0.98294824
0.999106,0.00017298896,0.00072109775
0.9966979,0.00067727565,0.0026248598
0.00023158583,0.00071329175,0.9990551
0.9983006,0.0012162345,0.0004832217
0.018703785,0.00573037,0.97556585
0.001741048,0.7652383,0.23302071
0.00073054805,0.998928,0.00034143304
0.00031303245,0.9995915,9.5406154e-05
0.021777313,0.9769835,0.0012392295
9.829436e-05,0.00025642192,0.99964523
0.015881907,0.9837753,0.00034280622
0.00025293013,0.00053271896,0.9992144
0.32158476,0.67597413,0.002441056
0.99774027,0.0008723629,0.001387398
0.00028950008,0.00021287015,0.99949753
0.00027972905,0.00014338855,0.99957687
0.9995939,0.00027494034,0.00013117903
0.012173755,0.7923759,0.1954503
0.0079829935,0.9919111,0.00010593878
0.0003497818,0.9990395,0.00061069964
0.120891035,0.87852854,0.00058043684
0.0005217088,0.999225,0.00025327678
0.9917394,0.0076986337,0.00056191755
0.0052815005,0.9943973,0.0003211919
0.002231271,0.9976554,0.00011336841
0.0001006164,0.0002639351,0.99963546
0.07092874,0.9284453,0.00062601926
0.34441572,0.65296614,0.0026180916
0.006535836,0.9927221,0.000742046
0.0002919735,0.00026399828,0.99944395
0.005436215,0.99372345,0.0008403702
6.606057e-05,0.0005189319,0.99941504
0.001357169,0.99820745,0.00043542043
0.5774692,0.42152053,0.0010101884
0.9993236,0.00043039143,0.00024600746
0.00011391629,0.00026852675,0.9996176
0.00014816776,0.9909734,0.00887837
0.0013342188,0.9722793,0.02638649
0.0034625204,0.9962335,0.00030399242
0.9995123,0.000106832595,0.00038075336
0.99927205,0.00051346974,0.00021456106
0.00079411635,0.99902606,0.00017979174
0.99663514,0.000113538386,0.0032513184
0.9427815,0.0009961182,0.05622238
0.0007134687,0.59769803,0.40158856
0.99982363,6.541981e-05,0.000110978246
0.0035270117,0.9498103,0.046662614
0.00011134638,0.99866056,0.0012280886
0.9996879,8.935124e-05,0.00022268142
0.7097527,0.27351055,0.016736759
0.00047861776,0.9966023,0.0029190485
0.8024328,0.19620728,0.001359986
0.0005532899,0.49033335,0.5091134
0.000540368,0.9993655,9.411198e-05
0.0009620262,0.99875045,0.0002875086
0.9968131,0.002724436,0.00046244418
0.0009558305,0.00019613984,0.9988481
0.00031627616,0.055150762,0.944533
0.89928687,0.0013492898,0.09936387
0.9988888,0.00029846147,0.0008128505
0.0022385851,0.9975714,0.0001899588
8.338491e-05,0.0007594777,0.9991572
7.568134e-05,0.000599912,0.99932444
0.0055695516,0.35418728,0.6402432
0.0012611465,0.0025239198,0.9962149
0.007710188,0.0054436643,0.9868462
0.0015005769,0.99833316,0.00016625758
0.0005665663,0.9991297,0.00030376692
0.0009664075,0.9987801,0.00025352446
0.9997522,8.836692e-05,0.00015946888
0.045080718,0.34975106,0.6051683
0.9978502,0.0013679786,0.0007819338
0.00014309054,0.99968314,0.00017373022
0.00017771122,0.99940753,0.0004147666
0.41810232,0.08819047,0.49370715
0.917468,0.08144713,0.0010848031
0.004600278,0.9941525,0.001247258
0.15687972,0.80515784,0.037962463
0.00013694365,0.00030384245,0.9995592
0.99507266,0.0016924681,0.003234821
0.9996551,0.0001999048,0.00014496398
0.003182469,0.99638474,0.00043280353
0.0010291144,0.4278894,0.57108146
0.05609922,0.94259447,0.0013063005
0.99937373,0.00043938003,0.00018692244
0.00038955803,0.99898916,0.00062127213
0.0004346936,0.6341065,0.3654588
0.00023373727,0.0008348076,0.99893147
0.8152155,0.1809688,0.003815604
0.00020353214,0.00057189615,0.99922454
0.0010547711,0.00018078768,0.9987645
0.00014697142,0.00017704062,0.999676
0.00021806727,0.0004768256,0.999305
0.00034115143,0.00025304203,0.99940586
0.00079270056,0.5709317,0.4282756
0.0019094612,0.84547436,0.15261619
0.00035293607,0.9421782,0.057468884
0.9965065,0.00046522767,0.0030282545
0.99896026,0.0008181581,0.00022156832
0.99878174,0.00024421557,0.0009741127
0.7858179,0.20353298,0.010649103
0.98785025,0.0115190325,0.0006307357
0.00059202645,0.99908197,0.0003259776
0.00031264662,0.00043526836,0.999252
0.00060126506,0.99917847,0.00022019072
0.99980015,7.432512e-05,0.00012553763
0.9993555,0.0001023595,0.00054215896
0.01345955,0.98561144,0.00092901447
0.9949522,0.003991,0.0010568181
0.00011670828,0.00024864046,0.9996346
0.0002535324,0.9991124,0.0006340405
0.9996382,0.00017108326,0.00019060721
0.0003905528,0.00035318485,0.9992562
0.00041128532,0.00043481964,0.99915385
0.9989172,0.00041229487,0.0006705354
0.00035772516,0.9991398,0.00050251186
0.9994128,0.00010122915,0.0004859286
0.00079136813,0.99896586,0.00024275389
7.645076e-05,0.0003030083,0.99962044
0.00063640106,0.9991454,0.00021822589
0.9113034,0.00045325022,0.08824337
0.98592365,0.013687698,0.00038873154
0.896333,0.0035455031,0.100121506
0.7255447,0.006683435,0.26777178
0.99965453,8.903507e-05,0.00025646834
0.005286523,0.9909713,0.0037421733
0.0001429995,0.99977344,8.362385e-05
0.8206958,0.17052852,0.008775709
0.00074824365,0.983295,0.015956761
5.465188e-05,0.00052260933,0.9994228
0.9923515,0.007107826,0.00054078567
0.00013573025,0.00018328367,0.999681
0.99709475,0.0006706938,0.0022345239
0.02337054,0.6822281,0.2944014
0.23550326,0.76365674,0.0008400536
0.07659247,0.0004863508,0.9229211
0.007908425,0.9893332,0.0027582946
0.00034501264,0.9358029,0.06385209
0.000317103,0.99955565,0.00012717338
0.9997489,8.659832e-05,0.00016451001
0.0003499304,0.00081029296,0.9988398
0.99459594,0.0008656974,0.0045384606
0.00032239023,0.0002493996,0.9994282
0.9868565,0.012095716,0.0010476933
0.00028292343,0.99959344,0.000123691
0.0050770477,0.96099514,0.033927795
0.9990664,0.00073085097,0.00020273963
0.99853075,0.0011291663,0.00034010247
0.9902193,0.008447865,0.0013328217
0.013660095,0.9841038,0.0022361504
0.00016288324,0.999204,0.000633146
8.678684e-05,0.0003585754,0.9995547
0.002687262,0.9884343,0.008878424
0.99966943,0.00013570396,0.0001948192
0.020823954,0.97899574,0.00018037214
0.99060327,0.0030948413,0.0063018324
0.00083033676,0.524293,0.47487664
0.9989662,0.000894552,0.00013919517
0.99911183,0.00070188113,0.00018629053
0.031692255,0.0009825153,0.96732527
0.00030431277,0.99943894,0.0002567556
0.0154372165,0.002040051,0.9825227
0.00031264834,0.99952435,0.0001630494
0.00017705678,0.99971944,0.000103541286
0.03248448,0.96680486,0.000710607
0.0005817654,0.9991254,0.0002927656
0.84102523,0.0015886432,0.15738603
0.9962043,0.0030350946,0.0007606581
0.00014252587,0.9996239,0.00023353529
0.000559002,0.010831702,0.9886093
0.19192097,0.8068377,0.0012413868
0.00030557034,0.99948114,0.00021327712
0.45011127,0.000685395,0.54920334
0.00014787434,0.00039338123,0.99945873
0.9915632,0.008027423,0.00040935638
0.0016443699,0.99431276,0.0040429104
0.00015109118,0.9987128,0.0011361532
0.01162482,0.9881082,0.00026691417
0.0003255229,0.9995291,0.00014534935
0.01358081,0.0012835675,0.9851356
8.496038e-05,0.00017547213,0.9997396
7.484279e-05,0.0012427812,0.9986823
0.9996617,9.0740534e-05,0.00024764615
0.9985122,0.00036135045,0.0011264082
0.86681277,0.13054836,0.0026388585
0.0019974227,0.99792683,7.56852e-05
0.0004147721,0.9995333,5.1902593e-05
0.99967384,5.4787837e-05,0.00027139063
0.0006522031,0.99905723,0.00029054444
0.6535004,0.34464002,0.0018596371
0.0011644657,0.9983584,0.00047707657
0.9412786,0.052133586,0.0065877545
0.001568781,0.8394955,0.15893574
0.0006645483,0.9935128,0.0058226157
0.96240324,0.00042317805,0.03717356
0.0037521808,0.99596906,0.0002787431
0.99212366,0.0068536904,0.0010226984
0.0003103372,0.0008237697,0.99886596
0.003976682,0.00054449454,0.99547887
0.00034669088,0.00023074163,0.99942255
0.000994816,0.9321048,0.066900365
0.99945384,0.00032982085,0.00021639174
0.9995553,0.00023372559,0.00021087717
0.0008966832,0.9968869,0.0022163512
0.00020438945,0.99968636,0.00010930814
0.9435201,0.0021313247,0.05434859
0.0001425817,0.00020917796,0.99964833
0.9986382,0.0004980232,0.00086384465
9.05775e-05,0.00018648873,0.9997229
0.0060913283,0.99356836,0.00034034078
0.99513763,0.00016006157,0.004702385
0.016866047,0.98264587,0.000488045
0.8167344,0.028911449,0.15435411
0.0001263998,0.00032232385,0.99955124
0.9997588,5.999962e-05,0.00018122222
0.000839664,0.99871945,0.00044094384
0.9925961,0.0068514724,0.0005524679
0.00084717077,0.99436164,0.0047911434
0.00027381946,0.99957806,0.00014818042
0.00011378891,0.00022390911,0.9996623
0.0005696868,0.0002998385,0.99913055
9.435843e-05,0.0037483866,0.9961572
0.0002242558,0.0007488565,0.9990269
0.098574124,0.0067382157,0.8946876
0.016790334,0.8124643,0.1707453
0.0067584403,0.032318972,0.96092266
0.0008909799,0.9985713,0.000537683
0.99753016,0.0005790783,0.0018907746
0.032367226,0.0074262153,0.9602066
0.05077164,0.0023794123,0.94684905
0.00031439288,0.99510044,0.00458516
0.00013103496,0.0002713619,0.9995976
0.0012639688,0.00044218334,0.9982938
0.0036016083,0.00022958984,0.9961688
0.9994542,0.00023020581,0.0003155661
0.022909861,0.97207403,0.0050160773
0.91187155,0.08680907,0.0013194007
0.00025518012,0.9995152,0.00022963832
0.0014311473,0.9982924,0.00027648508
0.00011936962,0.0026127123,0.99726796
6.314457e-05,0.0006819178,0.9992549
0.08920008,0.90537214,0.005427787
0.022898136,0.00037356163,0.9767284
0.99664706,0.0031750055,0.00017798018
0.0010157214,0.99804866,0.0009356603
0.972294,0.0015409709,0.026165055
0.9543003,0.045401555,0.00029821726
0.0014374203,0.00055676076,0.9980058
0.000407708,0.9987172,0.00087516627
9.131501e-05,0.0007430003,0.99916565
0.0010961145,0.99878305,0.000120817014
0.00035567206,0.0006021276,0.9990422
0.0008398734,0.99909556,6.4545704e-05
0.058791496,0.0010802367,0.9401282
0.00028114126,0.00039419404,0.9993247
0.0017772997,0.002481683,0.995741
0.8891949,0.10941705,0.0013880791
0.0009974007,0.9981735,0.0008291571
0.999138,0.00064319745,0.00021884804
0.00045301014,0.8310674,0.16847965
0.00013503994,0.00021423234,0.9996507
0.9990758,0.00013250607,0.0007916265
0.0005960532,0.012844722,0.9865593
0.0013341596,0.0014449968,0.9972209
0.00035652585,0.089498416,0.9101451
0.0038198635,0.68479884,0.31138125
0.23775801,0.20547137,0.5567706
0.7393073,0.030877633,0.22981511
0.83293545,0.16627616,0.0007884115
0.9994537,0.00037239247,0.00017380866
9.0364614e-05,0.00043866245,0.999471
5.9394653e-05,0.0003833054,0.9995573
0.9995945,0.00024677845,0.00015870431
0.9988675,0.0008609708,0.00027152055
0.014156878,0.8335053,0.15233786
0.0003990651,0.0028268525,0.99677414
0.0021319918,0.9977919,7.60873e-05
0.00035170204,0.00032601,0.9993223
0.9596494,0.02762386,0.012726789
0.00020945798,0.0002767779,0.99951375
0.99424464,0.0015021724,0.0042532356
0.0011659687,0.99873215,0.00010190569
0.9586732,0.032201003,0.009125873
0.00040846123,0.99918,0.00041146873
0.0005395048,0.99933845,0.000122024765
4.739998e-05,0.00041566286,0.999537
0.72342217,0.002901903,0.27367586
0.030184953,0.9482919,0.021523207
0.0047185,0.9935661,0.0017154393
0.9995166,5.1724142e-05,0.00043168798
0.9947796,0.00052669016,0.004693846
0.1407082,0.0020444484,0.8572474
0.23991945,0.0033418324,0.75673866
0.01939716,0.9454058,0.035197023
0.00010767711,0.998321,0.0015712752
0.00024141438,0.0005469117,0.99921167
0.034069456,0.7867811,0.17914946
0.00013880408,0.0001880618,0.9996731
9.1157315e-05,0.9990957,0.00081316853
0.98537946,0.0108196335,0.0038009908
0.99966097,0.0001290845,0.00020995247
0.9998192,6.877341e-05,0.00011208842
0.99877423,0.00022534096,0.0010003137
0.0011058388,0.00035526647,0.99853885
0.98557395,0.00032254326,0.0141035775
0.0006600153,0.9991892,0.00015074087
0.004425314,0.990482,0.0050926646
0.00035576496,0.99874395,0.0009003167
0.001278957,0.9984072,0.00031393106
0.00255824,0.99643826,0.0010034717
0.008232867,0.9869845,0.0047827163
0.00065259315,0.012516181,0.9868313
0.9878471,0.0035607966,0.008591994
0.00025419335,0.00044374744,0.999302
0.9994686,7.541276e-05,0.00045591342
0.00018937199,0.9995777,0.00023287688
0.0010466161,0.9987582,0.00019524155
0.99596536,0.00038482473,0.0036498203
0.00019088213,0.0005396724,0.99926955
6.7359404e-05,0.00044126593,0.99949145
0.0031275859,0.9967679,0.000104587154
0.0013459509,0.4772065,0.52144754
0.00058115233,0.00027733902,0.9991416
0.99723583,0.0009807844,0.0017834867
0.9395295,0.0012231641,0.05924732
0.00022276182,0.033873044,0.9659041
0.0845509,0.91441226,0.0010367722
0.5794346,0.24090889,0.17965654
0.0001056227,0.99975914,0.00013524378
0.0008010894,0.00052028947,0.9986786
9.564574e-05,0.00020031877,0.99970394
0.00037784874,0.99477625,0.0048458357
0.0003939631,0.9995129,9.317869e-05
0.072867475,0.9267061,0.00042645898
0.00049870426,0.99914455,0.00035667152
0.00010638867,0.99965596,0.00023768275
0.00030496638,0.9992557,0.00043932127
0.00013075641,0.0071567376,0.9927125
0.00040295662,0.00030602832,0.99929094
0.05827974,0.0025366866,0.93918353
0.0714471,0.8959148,0.032638155
0.016025683,0.6963233,0.28765103
0.0016453182,0.030704575,0.9676502
0.028493559,0.74374706,0.22775938
0.00022209821,0.99956506,0.00021279379
0.43289474,0.55957264,0.007532645
0.9992581,0.00055048737,0.00019138979
0.99971396,9.974959e-05,0.00018629935
8.107238e-05,0.0003759866,0.9995431
0.00036407317,0.05084829,0.9487876
0.9992403,8.713442e-05,0.000672667
0.995223,0.00018868188,0.0045883753
0.9982691,0.0010680014,0.0006628349
0.00060057105,0.997486,0.0019133892
0.002504295,0.99675554,0.0007401104
0.9283382,0.007007664,0.064654164
0.9978417,0.0014796711,0.00067862315
0.0037785526,0.012399173,0.9838223
0.9904688,0.009322557,0.00020862088
8.3167186e-05,0.0006838354,0.999233
0.0018005271,0.99731004,0.0008893875
0.0011036592,0.9986681,0.00022831305
0.0007812239,0.9990339,0.00018488137
0.9835639,0.00025308633,0.016183011
0.0018816682,0.99568874,0.0024295552
0.00025147427,0.9996624,8.6123204e-05
0.00052509905,0.08750619,0.91196865
0.00011646648,0.00052886375,0.99935466
0.97999483,0.00016218625,0.019842988
0.00043363438,0.99943477,0.00013162277
0.99879324,0.00027701052,0.0009296429
0.0002538468,0.9995276,0.00021858748
0.986388,0.0016928704,0.011919087
0.33201352,0.0006123623,0.66737413
0.009875471,0.98982656,0.00029790483
0.0011977865,0.9971312,0.0016709103
0.00047039925,0.9993806,0.00014895241
0.99668795,0.0001275318,0.0031846429
0.999734,0.00018674869,7.9309255e-05
0.9996184,7.501497e-05,0.00030654203
0.0001888167,0.99967575,0.00013539846
0.98760974,0.0108008925,0.0015893538
0.004372425,0.34631094,0.6493166
0.00046354518,0.008787457,0.99074894
0.00054581324,0.9980878,0.0013663903
0.00011513546,0.0019012077,0.9979836
0.001236042,0.00073718524,0.9980268
0.9930627,0.0016544603,0.005282862
0.00029685782,0.00020277855,0.9995004
0.99816245,0.0011688257,0.00066867546
0.002704567,0.99704725,0.00024822573
0.015545723,0.044080503,0.9403738
0.99961925,0.00025026168,0.00013052906
0.0070856116,0.9926347,0.0002797219
0.01636822,0.9786289,0.0050029443
0.0008141319,0.9989605,0.00022541438
0.9994529,0.00016980588,0.00037730284
0.7270757,0.037076987,0.23584738
0.8822078,0.077422306,0.04036985
0.00047185933,0.9045739,0.09495421
0.39385042,0.0008824739,0.6052671
0.005461167,0.99419737,0.00034150432
0.0015372474,0.0024938728,0.9959688
0.50764316,0.004077786,0.4882791
0.99961627,0.00026253774,0.00012118507
0.0031757068,0.00057573133,0.99624854
0.99932265,0.0005305851,0.00014675592
0.002920843,0.99698347,9.567654e-05
0.0003376528,0.9995902,7.209665e-05
0.9997631,0.00012710615,0.000109922345
0.99372053,0.0059366683,0.00034283943
0.95137185,0.00023960587,0.048388496
0.014834738,0.6782285,0.30693677
0.0051061222,0.0016314997,0.99326235
0.72024834,0.0008064664,0.27894518
0.9997385,0.00017169213,8.9789035e-05
0.0014204954,0.9983475,0.00023201118
0.9956167,0.00045160213,0.0039317603
0.00030439394,0.99952817,0.00016740701
0.0014057441,0.9982147,0.00037952268
0.99941885,0.00034971963,0.00023153807
0.0030892177,0.99642843,0.00048241808
0.9646021,0.0077537782,0.02764421
0.99872464,0.0011051869,0.00017013731
0.008032975,0.0009668655,0.99100024
0.00014689912,0.0001740884,0.99967897
0.00030609447,0.99933344,0.00036048124
0.0023146756,0.9964334,0.001251978
0.99479574,0.0018324158,0.0033718348
0.0045703915,0.98275065,0.012678931
0.99658823,0.0018754344,0.001536322
0.999466,0.00019081024,0.00034320913
0.004496998,0.0008735847,0.99462944
0.00102002,0.9982461,0.00073386903
0.00023109934,0.9965353,0.0032335646
0.0041107433,0.00056199764,0.99532723
0.00029891523,0.00027871795,0.99942243
0.000346558,0.00038198842,0.99927145
0.038800277,0.9603426,0.00085707655
0.0008821826,0.0038994444,0.99521834
0.68106455,0.02938189,0.28955358
0.9998079,0.00010568265,8.642084e-05
0.00033569278,0.0030819317,0.9965823
0.9991916,0.00030691005,0.00050147367
0.9998061,0.00012928768,6.4578686e-05
0.00046856687,0.9988017,0.0007297239
0.0003509733,0.9982632,0.0013858051
0.00015656596,0.021986557,0.9778569
0.23609859,0.76151174,0.0023896957
0.00020473212,0.0003171304,0.99947816
7.2869436e-05,0.00086414,0.99906296
0.016435696,0.00040956863,0.98315465
8.920037e-05,0.0002294709,0.99968123
0.010337449,0.45252514,0.53713745
0.9898825,0.009130053,0.0009874813
9.740832e-05,0.00044962083,0.9994529
0.9225547,0.07698848,0.00045681957
0.9994672,0.00020783018,0.0003249838
0.0020738018,0.99773765,0.00018852812
0.9756941,0.012374328,0.011931639
0.973203,0.0005655024,0.026231488
0.0002478479,0.98367715,0.016074972
0.00051910715,0.8707852,0.12869571
0.8168703,0.060336895,0.12279288
0.00011050355,0.014856583,0.98503286
0.9995648,8.400098e-05,0.00035110785
0.99928147,0.00038430796,0.00033430627
8.919579e-05,0.0007461067,0.9991647
0.0001286792,0.99966335,0.00020795109
0.000108606924,0.00017573487,0.9997156
0.02529244,0.31726447,0.65744317
0.00022141452,0.0011003426,0.99867815
0.0010698913,0.0014685586,0.99746144
0.00010010176,0.9985091,0.0013907213
0.00042430434,0.99943024,0.00014544536
7.4294454e-05,0.0005409322,0.99938476
0.99328434,0.0006845986,0.006030995
0.00052045414,0.99925095,0.00022852844
0.9991937,9.651471e-05,0.00070982584
0.00097251,0.9987025,0.00032497122
0.000496959,0.9993414,0.0001615881
0.042396512,0.9571374,0.0004660577
0.0001802497,0.0073456145,0.992474
0.0002088977,0.9996551,0.00013599015
0.00039610078,0.00058008305,0.9990238
0.0006795917,0.00030220114,0.9990182
0.00044353868,0.00025857938,0.99929786
0.04740678,0.8218845,0.13070866
0.99636286,0.0024393005,0.0011978992
0.9998186,8.3330604e-05,9.807056e-05
0.00020650981,0.99967396,0.00011959521
0.55293465,0.40753466,0.039530713
0.00019316423,0.99963737,0.00016949532
0.0073767044,0.9913225,0.0013007438
0.9996189,8.267317e-05,0.0002984382
0.00022508438,0.00036483444,0.99941015
0.000622786,0.9991844,0.00019272864
0.001127066,0.86491585,0.13395706
0.00019514603,0.0002567268,0.999548
0.99912006,7.714602e-05,0.00080277224
0.94231534,0.0034907688,0.05419397
0.0029980948,0.99597687,0.0010250208
0.16243096,0.0026642398,0.8349048
0.0008607396,0.0004622944,0.99867696
0.053957097,0.9384394,0.007603411
0.00024644003,0.98164237,0.018111242
0.13207021,0.04869204,0.81923777
0.46566096,0.47371367,0.060625385
0.0023866515,0.00027751553,0.99733585
0.00023991698,0.00023875973,0.99952126
8.5648455e-05,0.0004646855,0.9994497
0.8926388,0.10700444,0.00035675254
0.9997187,8.1393984e-05,0.0001998668
0.0024424023,0.00027076047,0.9972869
0.981135,0.017981295,0.00088371395
0.000443379,0.0005414001,0.9990152
0.07106542,0.76955515,0.1593795
0.00012314704,0.0001668146,0.99971
0.9996455,0.00018242896,0.00017212024
0.00014422287,0.99973947,0.000116337564
0.0008055871,0.2460171,0.7531774
0.00017423138,0.9929356,0.00689016
0.026570302,0.9656889,0.0077408203
0.2775653,0.0671324,0.65530235
0.17026883,0.031751864,0.79797924
0.9988424,0.0004638928,0.0006937315
0.001219904,0.99871516,6.49797e-05
0.9969951,0.00014690125,0.002858071
